(1,46),(1,120),(1,121),(1,122),(1,104),(1,123),(1,124),(1,125),(1,126),(1,102),(1,107),(1,108),(1,109),(1,110),(1,111),(1,112),(1,113),(1,114),(1,49),(1,115),(1,116),(1,117),(1,118),(1,119),
(2,22),(2,23),(2,24),(2,25),(2,26),(2,27),(2,28),(2,29),(2,30),(2,31),(2,32),(2,33),(2,34),(2,35),(2,36),(2,37),(2,38),(2,39),
(3,46),(3,47),(3,52),(3,40),(3,41),(3,42),(3,107),(3,43),(3,44),(3,45),(3,48),(3,49),(3,50),(3,51),
(4,127),(4,128),(4,129),(4,130),(4,131),(4,132),(4,133),(4,134),(4,135),(4,136),(4,137),(4,138),(4,139),(4,140),(4,141),(4,142),(4,143),(4,144),
(5,99),(5,76),(5,91),(5,93),(5,94),(5,95),(5,96),(5,98),(5,87),(5,90),
(6,86),(6,100),(6,146),(6,118),(6,103),(6,104),(6,76),(6,92),(6,79),(6,101),(6,85),(6,87),(6,106),(6,116),(6,105),(6,90),
(7,1),(7,2),(7,3),(7,4),(7,5),(7,6),(7,7),(7,8),(7,9),(7,10),(7,11),(7,12),(7,13),(7,14),(7,15),(7,16),(7,17),(7,18),(7,20),(7,21),
(8,53),(8,54),(8,55),(8,56),(8,57),(8,58),(8,59),(8,60),(8,61),
(9,76),(9,77),(9,78),(9,79),(9,80),(9,81),(9,82),(9,83),(9,84),(9,85),(9,87),(9,89),(9,88),(9,90),
(10,76),(10,77),(10,78),(10,79),(10,80),(10,81),(10,82),(10,83),(10,84),(10,85),(10,89),(10,88),(10,90),(10,125),
(11,76),(11,77),(11,78),(11,79),(11,80),(11,81),(11,82),(11,83),(11,84),(11,85),(11,88),(11,89),(11,90),(11,125),
(12,145),(12,62),(12,63),(12,64),(12,65),(12,66),(12,67),(12,68),(12,70),(12,71),(12,72),(12,73),(12,74),(12,75);
